12222 7393
7528 1219
11574 2726
6663 5443
4043 13423
3264 2556
11704 9820
8504 8599
12360 5705
8838 12217
10833 2448
11601 12294
11843 7570
11970 6396
6116 1366
8405 9381
1489 10190
1993 9606
10106 5157
5807 1652
9182 5215
304 11997
10004 9466
8067 11809
10402 8103
7224 10708
12289 5559
1720 12302
9906 247
9138 5047
10604 6580
9067 10467
10173 8727
8947 9835
7533 6208
2519 6501
4953 12058
427 9051
6498 6469
7151 238
5353 9651
4718 1000
691 2078
13364 6765
5772 499
4215 6995
12950 6115
1421 3479
7680 2019
10484 1410
10098 7376
8598 7807
550 9157
2492 13458
10107 9915
10395 12331
7779 11484
9481 4325
5168 1663
1923 7575
4905 6717
5535 7913
13741 5649
6573 8743
5487 811
4969 5984
12575 10371
10552 6484
9292 10018
9719 9180
4875 10517
4938 105
1829 5697
13590 10943
9124 7810
9039 8039
1755 717
1943 4849
8389 4806
1474 1950
1728 11023
8164 1479
6435 137
691 2805
5758 6382
11452 7269
992 12259
354 4436
6126 11591
2599 6552
12174 2590
13649 4306
5543 11075
6898 12580
5280 433
9984 10873
8992 2509
13762 5686
7483 12316
8600 3222
