12333 1
11119 1
7912 1
12217 1
11367 1
6786 1
9602 1
12095 1
2896 1
4541 1
371 1
1498 1
12383 1
2499 1
6901 1
10920 1
13470 1
9113 1
11887 1
10017 1
3673 1
5002 1
8541 1
11217 1
1741 1
6759 1
13477 1
11446 1
9835 1
8567 1
7402 1
6599 1
12040 1
6766 1
5577 1
12376 1
5516 1
7476 1
8438 1
7402 1
6925 1
6972 1
5884 1
4342 1
9896 1
7091 1
12607 1
7842 1
12314 1
8184 1
12122 1
6612 1
9408 1
7842 1
11411 1
9746 1
12276 1
4654 1
11042 1
6877 1
13638 1
9924 1
10361 1
2112 1
8585 1
9474 1
954 1
2217 1
1189 1
6386 1
5313 1
1251 1
8602 1
8663 1
11622 1
5023 1
1130 1
12006 1
5158 1
2580 1
8017 1
3059 1
13716 1
9173 1
5990 1
58 1
1995 1
3125 1
10855 1
12343 1
10907 1
2081 1
6464 1
8565 1
5205 1
6028 1
11728 1
6077 1
9450 1
3426 1
